1 7661 1 1 1 10 10 1 1 8 1
2 7662 10 10 10 10 10 10 10 10 9
3 7663 10 10 10 10 10 10 10 10 10
4 7664 10 9 10 10 10 9 10 10 10
5 7665 10 10 10 10 10 10 10 7 8
6 7666 10 9 10 10 10 1 1 8 1
7 7667 10 10 10 10 10 1 10 10 1
8 7673 10 10 10 10 10 9 10 9 10
9 7674 10 10 10 10 10 9 10 7 10
10 7679 10 10 10 10 10 10 10 10 1
11 7680 10 10 10 10 10 7 10 8 1
12 7681 10 10 1 10 10 10 1 7 8
13 7682 10 9 10 10 10 10 1 10 1
14 7683 10 9 1 1 10 10 10 10 1
15 7684 1 1 1 10 10 1 10 10 1
16 7964 10 9 10 10 10 7 1 8 1
17 8015 1 1 1 1 1 1 1 1 1
18 8016 1 1 1 1 1 1 1 1 1
19 8400 10 1 1 10 10 8 10 9 1
