1 7661 7 9 7 9 10 7 6 7 6
2 7662 10 10 10 9 9 9 6 8 9
3 7663 10 10 10 10 10 10 10 10 10
4 7664 10 10 10 9 10 10 8 9 10
5 7665 10 10 10 9 9 9 6 7 9
6 7666 7 8 8 9 10 7 6 8 6
7 7667 10 10 9 8 10 9 10 10 9
8 7673 10 10 10 10 10 9 8 10 10
9 7674 10 10 10 10 10 10 8 10 10
10 7679 10 10 10 8 10 10 6 10 10
11 7680 10 8 10 9 10 8 7 9 7
12 7681 10 9 10 8 9 9 8 9 10
13 7682 10 8 8 8 9 10 6 10 8
14 7683 9 10 7 8 9 9 7 9 9
15 7684 10 8 9 10 10 8 5 8 10
16 7964 7 8 9 9 8 7 9 7 7
17 8015 1 1 1 8 1 6 6 1 1
18 8016 1 1 1 1 1 1 1 1 1
19 8400 10 7 9 8 9 7 7 9 6
