1 7661 9 7 7 10 9 6 6 5 7
2 7662 10 10 9 10 10 9 7 7 9
3 7663 10 10 10 10 10 10 9 10 10
4 7664 10 10 10 10 10 10 8 10 8
5 7665 10 10 10 10 9 4 8 3 9
6 7666 10 7 9 9 9 5 6 6 7
7 7667 10 8 8 9 9 4 10 9 8
8 7673 10 10 10 10 10 10 8 10 10
9 7674 10 10 10 10 10 10 9 10 10
10 7679 10 9 7 9 9 6 9 10 9
11 7680 10 9 10 10 8 7 7 10 8
12 7681 10 8 7 9 9 8 10 6 8
13 7682 10 7 7 9 8 6 6 10 8
14 7683 10 8 8 10 10 7 8 6 8
15 7684 9 8 7 9 10 8 5 8 8
16 7964 7 8 7 9 8 7 9 7 7
17 8015 10 7 8 8 1 1 6 8 7
18 8016 ΑΦ ΑΦ ΑΦ ΑΦ ΑΦ ΑΦ ΑΦ ΑΦ ΑΦ
19 8400 10 7 8 9 8 7 5 8 7